|100.0| 400.0| 7000.0| 26.2|
|500.0| 400.0| 7000.0| 23.8|
|2000.0| 400.0| 7000.0| 21.8|
|8000.0| 400.0| 7000.0| 16.5|
|16000.0| 400.0| 7000.0| 12.3|
|32000.0| 400.0| 7000.0| 6.8|
|100.0| 400.0| 8000.0| 27.1|
|500.0| 400.0| 8000.0| 24.7|
|2000.0| 400.0| 8000.0| 22.6|
|8000.0| 400.0| 8000.0| 17.1|
|16000.0| 400.0| 8000.0| 12.7|
|32000.0| 400.0| 8000.0| 7|
|100.0| 400.0| 9000.0| 28.1|
|500.0| 400.0| 9000.0| 25.5|
|2000.0| 400.0| 9000.0| 23.4|
|8000.0| 400.0| 9000.0| 17.7|
|16000.0| 400.0| 9000.0| 13.2|
|32000.0| 400.0| 9000.0| 7.3|
|100.0| 400.0| 10000.0| 29|
|500.0| 400.0| 10000.0| 26.4|
|2000.0| 400.0| 10000.0| 24.2|
|8000.0| 400.0| 10000.0| 18.3|
|16000.0| 400.0| 10000.0| 13.6|
|32000.0| 400.0| 10000.0| 7.6|
|100.0| 400.0| 11000.0| 30.1|
|500.0| 400.0| 11000.0| 27.4|
|2000.0| 400.0| 11000.0| 25.1|
|8000.0| 400.0| 11000.0| 18.9|
|16000.0| 400.0| 11000.0| 14.1|
|32000.0| 400.0| 11000.0| 7.8|
|100.0| 400.0| 12000.0| 31.1|
|500.0| 400.0| 12000.0| 28.3|
|2000.0| 400.0| 12000.0| 25.9|
|8000.0| 400.0| 12000.0| 19.6|
|16000.0| 400.0| 12000.0| 14.6|
|32000.0| 400.0| 12000.0| 8.1|
|100.0| 400.0| 13000.0| 32.2|
|500.0| 400.0| 13000.0| 29.3|
|2000.0| 400.0| 13000.0| 26.8|
|8000.0| 400.0| 13000.0| 20.3|
|16000.0| 400.0| 13000.0| 15.1|
|32000.0| 400.0| 13000.0| 8.4|
|100.0| 400.0| 14000.0| 33.4|
|500.0| 400.0| 14000.0| 30.3|
|2000.0| 400.0| 14000.0| 27.8|
|8000.0| 400.0| 14000.0| 21|
|16000.0| 400.0| 14000.0| 15.7|
|32000.0| 400.0| 14000.0| 8.7|
|100.0| 400.0| 15000.0| 34.5|
|500.0| 400.0| 15000.0| 31.4|
|2000.0| 400.0| 15000.0| 28.8|
|8000.0| 400.0| 15000.0| 21.8|
|16000.0| 400.0| 15000.0| 16.2|
|32000.0| 400.0| 15000.0| 19|
|100.0| 400.0| 16000.0| 35.7|
|500.0| 400.0| 16000.0| 32.5|
|2000.0| 400.0| 16000.0| 29.8|
|8000.0| 400.0| 16000.0| 22.5|
|16000.0| 400.0| 16000.0| 16.8|
|32000.0| 400.0| 16000.0| 9.3|
|100.0| 500.0| 7000.0| 36.8|
|100.0| 500.0| 8000.0| 38.1|
|100.0| 500.0| 9000.0| 39.5|
|100.0| 500.0| 10000.0| 40.9|
|100.0| 500.0| 11000.0| 42.3|
|100.0| 500.0| 12000.0| 43.8|
|100.0| 500.0| 13000.0| 45.3|
|100.0| 500.0| 14000.0| 46.9|
|100.0| 500.0| 15000.0| 48.6|
|100.0| 500.0| 16000.0| 50.3|
|500.0| 500.0| 7000.0| 33.5|
|500.0| 500.0| 8000.0| 34.7|
|500.0| 500.0| 9000.0| 35.9|
|500.0| 500.0| 10000.0| 37.2|
|500.0| 500.0| 11000.0| 38.5|
|500.0| 500.0| 12000.0| 39.9|
|500.0| 500.0| 13000.0| 41.3|
|500.0| 500.0| 14000.0| 42.7|
|500.0| 500.0| 15000.0| 44.2|
|500.0| 500.0| 16000.0| 45.8|
|2000.0| 500.0| 7000.0| 30.7|
|2000.0| 500.0| 8000.0| 31.8|
|2000.0| 500.0| 9000.0| 32.9|
|2000.0| 500.0| 10000.0| 34.1|
|2000.0| 500.0| 11000.0| 35.3|
|2000.0| 500.0| 12000.0| 36.5|
|2000.0| 500.0| 13000.0| 37.8|
|2000.0| 500.0| 14000.0| 39.1|
|2000.0| 500.0| 15000.0| 40.5|
|2000.0| 500.0| 16000.0| 41.9|
|8000.0| 500.0| 7000.0| 23.2|
|8000.0| 500.0| 8000.0| 24|
|8000.0| 500.0| 9000.0| 24.9|
|8000.0| 500.0| 10000.0| 25.7|
|8000.0| 500.0| 11000.0| 26.7|
|8000.0| 500.0| 12000.0| 27.6|
|8000.0| 500.0| 13000.0| 28.6|
|8000.0| 500.0| 14000.0| 29.6|
|8000.0| 500.0| 15000.0| 30.6|
|8000.0| 500.0| 16000.0| 31.7|
|16000.0| 500.0| 7000.0| 17.3|
|16000.0| 500.0| 8000.0| 17.9|
|16000.0| 500.0| 9000.0| 18.6|
|16000.0| 500.0| 10000.0| 19.2|
|16000.0| 500.0| 11000.0| 19.9|
|16000.0| 500.0| 12000.0| 20.6|
|16000.0| 500.0| 13000.0| 21.3|
|16000.0| 500.0| 14000.0| 22.1|
|16000.0| 500.0| 15000.0| 22.8|
|16000.0| 500.0| 16000.0| 23.6|
|32000.0| 500.0| 7000.0| 9.6|
|32000.0| 500.0| 8000.0| 9.9|
|32000.0| 500.0| 9000.0| 10.3|
|32000.0| 500.0| 10000.0| 10.6|
|32000.0| 500.0| 11000.0| 11|
|32000.0| 500.0| 12000.0| 11.4|
|32000.0| 500.0| 13000.0| 11.8|
|32000.0| 500.0| 14000.0| 12.2|
|32000.0| 500.0| 15000.0| 12.6|
|32000.0| 500.0| 16000.0| 13.1|
|100.0| 600.0| 7000.0| 55.3|
|100.0| 600.0| 8000.0| 57.2|
|100.0| 600.0| 9000.0| 59.2|
|100.0| 600.0| 10000.0| 61.3|
|100.0| 600.0| 11000.0| 63.5|
|100.0| 600.0| 12000.0| 65.7|
|100.0| 600.0| 13000.0| 68|
|100.0| 600.0| 14000.0| 70.4|
|100.0| 600.0| 15000.0| 72.9|
|100.0| 600.0| 16000.0| 75.5|
|500.0| 600.0| 7000.0| 50.3|
|500.0| 600.0| 8000.0| 52.1|
|500.0| 600.0| 9000.0| 53.9|
|500.0| 600.0| 10000.0| 55.8|
|500.0| 600.0| 11000.0| 57.8|
|500.0| 600.0| 12000.0| 59.8|
|500.0| 600.0| 13000.0| 61.9|
|500.0| 600.0| 14000.0| 64.1|
|500.0| 600.0| 15000.0| 66.3|
|500.0| 600.0| 16000.0| 68.7|
|2000.0| 600.0| 7000.0| 46.1|
|2000.0| 600.0| 8000.0| 47.7|
|2000.0| 600.0| 9000.0| 49.4|
|2000.0| 600.0| 10000.0| 51.1|
|2000.0| 600.0| 11000.0| 52.9|
|2000.0| 600.0| 12000.0| 54.8|
|2000.0| 600.0| 13000.0| 56.7|
|2000.0| 600.0| 14000.0| 58.7|
|2000.0| 600.0| 15000.0| 60.7|
|2000.0| 600.0| 16000.0| 62.9|
|8000.0| 600.0| 7000.0| 34.8|
|8000.0| 600.0| 8000.0| 36|
|8000.0| 600.0| 9000.0| 37.3|
|8000.0| 600.0| 10000.0| 38.6|
|8000.0| 600.0| 11000.0| 40|
|8000.0| 600.0| 12000.0| 41.4|
|8000.0| 600.0| 13000.0| 42.8|
|8000.0| 600.0| 14000.0| 44.4|
|8000.0| 600.0| 15000.0| 45.9|
|8000.0| 600.0| 16000.0| 47.5|
|16000.0| 600.0| 7000.0| 26|
|16000.0| 600.0| 8000.0| 26.9|
|16000.0| 600.0| 9000.0| 27.8|
|16000.0| 600.0| 10000.0| 28.8|
|16000.0| 600.0| 11000.0| 29.8|
|16000.0| 600.0| 12000.0| 30.9|
|16000.0| 600.0| 13000.0| 32|
|16000.0| 600.0| 14000.0| 33.1|
|16000.0| 600.0| 15000.0| 34.3|
|16000.0| 600.0| 16000.0| 35.5|
|32000.0| 600.0| 7000.0| 14.4|
|32000.0| 600.0| 8000.0| 14.9|
|32000.0| 600.0| 9000.0| 15.4|
|32000.0| 600.0| 10000.0| 15.9|
|32000.0| 600.0| 11000.0| 16.5|
|32000.0| 600.0| 12000.0| 17.1|
|32000.0| 600.0| 13000.0| 17.7|
|32000.0| 600.0| 14000.0| 18.3|
|32000.0| 600.0| 15000.0| 19|
|32000.0| 600.0| 16000.0| 19.6|